[242522071454]
name = "242522071454"
size = [ 640.0, 480.0]
matrix = [ [ 608.9381103515625, 0.0, 313.11163330078125], [ 0.0, 608.7682495117188, 252.37420654296875], [ 0.0, 0.0, 1.0]]
distortions = [ 0.0, 0.0, 0.0, 0.0]
rotation = [ -0.6952728234016077, 0.804893983490149, -1.3638828093482611]
translation = [ 0.24417794565054307, -0.12950694311457028, 3.753201368766845]
fisheye = false

[244622073485]
name = "244622073485"
size = [ 640.0, 480.0]
matrix = [ [ 608.2130126953125, 0.0, 320.1005554199219], [ 0.0, 608.2936401367188, 251.05227661132812], [ 0.0, 0.0, 1.0]]
distortions = [ 0.0, 0.0, 0.0, 0.0]
rotation = [ 0.49260629790199123, -0.534263965888867, -1.4721182316652117]
translation = [ 0.11098655034453798, 0.13058473745916302, 2.4754063783552507]
fisheye = false

[metadata]
adjusted = false
error = 0.0
